PortCode,Zipcode,State,DistrictNum
1904,35212,AL,07
1904,35212,AL,06
1910,35824,AL,05
1901,36602,AL,01
3104,99780,AK,AL
3126,99501,AK,AL
3127,99501,AK,AL
3107,99501,AK,AL
3106,99827,AK,AL
3129,99692,AK,AL
3111,99709,AK,AL
3101,99801,AK,AL
3102,99901,AK,AL
3128,99762,AK,AL
3115,99835,AK,AL
3103,99840,AK,AL
3105,99929,AK,AL
2601,85607,AZ,02
2602,85341,AZ,03
2603,85620,AZ,02
2604,85621,AZ,03
2605,85034,AZ,07
2605,85034,AZ,09
2682,85212,AZ,05
2608,85349,AZ,03
2606,85633,AZ,03
2681,85260,AZ,06
2609,85756,AZ,03
2609,85756,AZ,02
2003,72202,AR,02
2084,72756,AR,03
2084,72756,AR,04
2502,92283,CA,51
2507,92231,CA,51
2503,92231,CA,51
2802,95501,CA,02
2803,93727,CA,16
2803,93727,CA,22
2720,90045,CA,43
2720,90045,CA,37
2704,90802,CA,44
2704,90802,CA,42
2709,90802,CA,44
2709,90802,CA,47
2721,91761,CA,35
2721,91761,CA,42
2506,92154,CA,51
2506,92154,CA,53
2781,92262,CA,36
2713,93033,CA,26
2835,95837,CA,03
2835,95837,CA,06
2782,92408,CA,31
2501,92101,CA,51
2501,92101,CA,52
2501,92101,CA,53
2801,94111,CA,12
2809,94111,CA,12
2834,95110,CA,17
2834,95110,CA,19
2504,92173,CA,51
2505,91980,CA,51
2783,92394,CA,08
3384,80012,CO,01
3384,80012,CO,06
3307,80249,CO,01
3385,81637,CO,03
3383,80021,CO,02
3383,80021,CO,07
3213,96951,MP,AL
3211,96950,MP,AL
3212,96950,MP,AL
0410,06604,CT,04
0411,06096,CT,01
0412,06511,CT,03
0413,06320,CT,02
1103,19720,DE,AL
1803,32226,FL,04
1801,33634,FL,14
1816,32920,FL,08
1884,32114,FL,06
1805,32034,FL,04
1822,33913,FL,19
5202,33040,FL,26
1881,33811,FL,15
1887,34788,FL,10
1885,32901,FL,08
5206,33122,FL,26
5201,33132,FL,24
1880,34104,FL,25
1880,34104,FL,19
1888,32803,FL,07
1888,32803,FL,09
1888,32803,FL,10
1808,32827,FL,09
1808,32827,FL,10
1809,32773,FL,07
1809,32773,FL,05
1818,32407,FL,02
1819,32504,FL,01
5203,33316,FL,25
5203,33316,FL,23
1821,34221,FL,16
1883,34243,FL,16
1889,32095,FL,06
1814,33762,FL,13
5204,33404,FL,18
5204,33404,FL,22
5204,33404,FL,20
1704,30354,GA,05
1701,31520,GA,01
1703,31405,GA,01
3207,96913,GU,AL
3205,96819,HI,01
3202,96720,HI,02
3201,96850,HI,01
3203,96732,HI,02
3206,96740,HI,02
3204,96766,HI,02
2907,83705,ID,02
2907,83705,ID,01
3302,83826,ID,01
3987,61874,IL,13
3901,60018,IL,05
3901,60018,IL,03
3908,61265,IL,17
3908,61265,IL,17
4581,62258,IL,12
4581,62258,IL,12
3902,61607,IL,17
3902,61607,IL,18
3902,61607,IL,17
3902,61607,IL,18
3909,61109,IL,16
3909,61109,IL,17
3909,61109,IL,16
3909,61109,IL,17
3981,60087,IL,10
3981,60087,IL,14
3981,60087,IL,AL
3981,60087,IL,10
3981,60087,IL,14
3981,60087,IL,AL
3984,60185,IL,06
3984,60185,IL,14
3984,60185,IL,06
3984,60185,IL,14
3983,60090,IL,08
3983,60090,IL,09
3983,60090,IL,10
3986,60607,IL,07
3987,60607,IL,07
4116,47708,IN,08
4183,46809,IN,03
3905,46406,IN,01
4110,46241,IN,07
3986,46628,IN,02
3513,50321,IA,03
4504,67209,KS,04
4102,41018,KY,04
4184,40510,KY,06
4115,40209,KY,03
2004,70809,LA,06
2010,70052,LA,02
2017,70601,LA,03
2001,70363,LA,01
2002,70130,LA,02
2018,71109,LA,04
0102,04401,ME,02
0112,04401,ME,02
0132,04401,ME,02
0121,04401,ME,02
0111,04106,ME,01
0101,04106,ME,01
0127,04735,ME,02
0115,04619,ME,02
0122,04619,ME,02
0103,04631,ME,02
0107,04742,ME,02
0110,04743,ME,02
0106,04730,ME,02
0104,04945,ME,02
0118,04750,ME,02
0109,04756,ME,02
0108,04785,ME,02
0105,04491,ME,02
1303,21202,MD,03
1303,21202,MD,07
0407,02740,MA,09
0405,02740,MA,09
0406,02740,MA,09
0404,01915,MA,06
0416,01915,MA,06
0408,01915,MA,06
0417,02128,MA,07
0417,02128,MA,05
0417,02128,MA,07
0417,02128,MA,05
0403,01608,MA,02
3805,49037,MI,03
3883,48906,MI,04
3883,48906,MI,07
3883,48906,MI,08
3807,48242,MI,13
3801,48216,MI,14
3801,48216,MI,13
3806,49512,MI,02
3806,49512,MI,03
3802,48060,MI,10
3804,48623,MI,04
3804,48623,MI,05
3803,49783,MI,01
3424,56623,MN,07
3424,56623,MN,08
3510,55802,MN,08
3613,55605,MN,08
3604,56649,MN,08
3430,56735,MN,07
3501,55437,MN,03
3425,56751,MN,07
3426,56751,MN,07
3581,55902,MN,01
3423,56763,MN,07
1902,39503,MS,04
2015,39232,MS,03
4501,64153,MO,06
4506,63005,MO,02
4505,65803,MO,07
4503,63134,MO,01
3310,59484,MT,AL
3386,59714,MT,AL
3322,59427,MT,AL
3304,59404,MT,AL
3348,59601,MT,AL
3324,59901,MT,AL
3319,59537,MT,AL
3317,59250,MT,AL
3316,59411,MT,AL
3301,59256,MT,AL
3318,59917,MT,AL
3309,59263,MT,AL
3306,59542,MT,AL
3321,59545,MT,AL
3323,59501,MT,AL
3325,59501,MT,AL
3512,68110,NE,02
2722,89119,NV,03
2722,89119,NV,01
2833,89502,NV,02
0182,03103,NH,01
0182,03103,NH,01
0131,03801,NH,01
4681,07960,NJ,11
4601,07201,NJ,08
4601,07201,NJ,10
4602,08861,NJ,06
2407,87106,NM,01
2406,88029,NM,02
2408,88008,NM,02
0983,14850,NY,23
1002,12207,NY,20
0708,13607,NY,21
0981,13790,NY,22
0901,14210,NY,26
0901,14210,NY,26
0706,13618,NY,21
0712,12919,NY,21
4701,11430,NY,05
1012,11430,NY,05
0701,13669,NY,21
0903,14624,NY,25
0906,13212,NY,24
0715,12926,NY,21
1512,28217,NC,09
1512,28217,NC,12
1502,27409,NC,12
1502,27409,NC,06
1511,28557,NC,03
1503,27560,NC,01
1503,27560,NC,02
1503,27560,NC,04
1503,27560,NC,13
1501,28401,NC,07
1501,28401,NC,03
3410,58833,ND,AL
3413,58711,ND,AL
3421,58783,ND,AL
3422,58329,ND,AL
3411,58102,ND,AL
3417,58844,ND,AL
3427,58203,ND,AL
3408,58239,ND,AL
3415,58339,ND,AL
3434,58703,ND,AL
3404,58265,ND,AL
3420,58765,ND,AL
3406,58737,ND,AL
3401,58271,ND,AL
3403,58772,ND,AL
3405,58369,ND,AL
3409,58372,ND,AL
3414,58782,ND,AL
3407,58282,ND,AL
3419,58793,ND,AL
3433,58801,MT,AL
3433,58801,ND,AL
4122,44004,OH,14
4101,44130,OH,16
4101,44130,OH,09
4103,43125,OH,15
4103,43125,OH,03
4104,45377,OH,10
4105,43452,OH,09
4105,43452,OH,05
5504,73108,OK,05
5505,74115,OK,01
2901,97103,OR,01
2903,97459,OR,04
2983,97124,OR,01
2902,97365,OR,05
2904,97220,OR,03
4106,16505,PA,03
1109,17055,PA,04
1109,17055,PA,11
1101,19106,PA,01
4904,00740,PR,AL
4907,00680,PR,AL
4908,00716,PR,AL
4909,00968,PR,AL
0501,02886,RI,02
0502,02886,RI,02
0502,02886,RI,02
1601,29401,SC,01
1601,29401,SC,06
1604,29170,SC,02
1603,29650,SC,04
1681,29577,SC,07
3502,57104,SD,AL
2008,37421,TN,03
2016,37902,TN,02
2006,38118,TN,09
2007,37217,TN,05
2027,37617,TN,01
5584,75001,TX,24
5583,76177,TX,12
5583,76177,TX,26
5502,79111,TX,13
5506,78719,TX,35
2301,78521,TX,34
5382,77303,TX,08
5312,78406,TX,27
5313,78406,TX,27
5501,75063,TX,24
2302,78840,TX,23
2303,78852,TX,23
2402,79905,TX,16
5311,77541,TX,14
2383,78550,TX,34
2305,78577,TX,34
2305,78577,TX,15
5309,77032,TX,18
5309,77032,TX,29
5301,77087,TX,29
2304,78040,TX,28
5503,79403,TX,19
5585,75069,TX,03
2101,77642,TX,14
2102,77642,TX,14
2403,79845,TX,23
2309,78579,TX,34
2307,78582,TX,28
2310,78584,TX,28
5507,78216,TX,20
5507,78216,TX,21
2381,78542,TX,15
5381,77478,TX,22
2404,79853,TX,23
3303,84112,UT,02
0206,05902,VT,AL
0207,05403,VT,AL
0209,05830,VT,AL
0211,05907,VT,AL
0203,05476,VT,AL
0201,05478,VT,AL
1410,22630,VA,10
1410,22630,VA,05
1410,22630,VA,06
1412,24084,VA,09
1401,23510,VA,03
1404,23250,VA,03
5101,00802,VI,AL
5102,00830,VI,AL
5104,00850,VI,AL
3010,98221,WA,02
3005,98250,WA,02
3014,98250,WA,02
3004,98230,WA,01
2905,98632,WA,03
2905,98632,OR,01
3019,98844,WA,04
3007,98362,WA,06
3001,98158,WA,09
3029,98158,WA,09
3022,99224,WA,05
3009,98295,WA,01
3002,98424,WA,09
3002,98424,WA,08
3002,98424,WA,10
1409,25311,WV,02
3781,54914,WI,06
3781,54914,WI,08
3703,54313,WI,08
3701,53207,WI,04
3708,53404,WI,01
3332,82604,WY,AL
1903,39568,MS,04
2812,94804,CA,11
5306,77590,TX,14
5310,77550,TX,14
1003,07114,NJ,08
1003,07114,NJ,10
1001,11231,NY,07
1001,11231,NY,10
2820,94553,CA,05
2820,94553,CA,11
2811,94607,CA,13
4913,00979,PR,AL
5210,33315,FL,25
2815,94525,CA,05
2830,94510,CA,08
